Totales
[[    3.     9.    47.   203.   792.]
 [    3.    10.    35.   111.   403.]
 [    4.    26.   104.   411.  1288.]
 [    9.    16.    33.    62.   179.]
 [    2.    19.   177.   741.  1746.]
 [    5.    17.    78.   288.   921.]
 [    6.    35.   197.   820.  1815.]
 [    2.    12.   105.   508.  1434.]
 [    4.     9.    17.    62.   174.]
 [    3.    20.    82.   405.  1291.]]
Por nivel
[[    3.     6.    38.   156.   589.]
 [    3.     7.    25.    76.   292.]
 [    4.    22.    78.   307.   877.]
 [    9.     7.    17.    29.   117.]
 [    2.    17.   158.   564.  1005.]
 [    5.    12.    61.   210.   633.]
 [    6.    29.   162.   623.   995.]
 [    2.    10.    93.   403.   926.]
 [    4.     5.     8.    45.   112.]
 [    3.    17.    62.   323.   886.]]