entropia_conjunta_P = [ 8.78590493  9.02135564  9.2444424   8.65077418  8.79257585  8.82015791]
entropia_conjunta_S = [ 8.51128272,  8.41718395,  8.63540547,  7.75241587,  7.61913448, 7.79343381]

 
entropia_group_mean =[  4.11238296e-05   5.19774246e-05   5.11834124e-05   2.39958870e-05
    4.22864059e-05   3.91428460e-05   3.88564613e-05   4.14522413e-05
    6.45092725e-05   3.95881394e-05]
 [  5.35975311e-05   8.34366192e-05   4.47020475e-05   4.80614377e-05
    5.08163045e-05   4.62951878e-05   4.62152247e-05   4.52918290e-05
    5.76858487e-05   4.69687957e-05]

entropia_group_std = [  3.70380284e-07   5.77430047e-07   3.74399519e-07   2.10707929e-07
    4.24682053e-07   2.41039042e-07   2.47407862e-07   3.93231352e-07
    6.11545913e-07   3.00803900e-07]
 [  9.10172728e-07   3.89266645e-07   4.00789405e-07   7.12912540e-07
    3.20615573e-07   3.51723049e-07   9.77988946e-07   5.96698857e-07
    6.59149594e-07   6.49149874e-07]